[  1.94924069e-03   4.11383985e+00   1.93479169e-03   4.11383985e+00
   1.94722462e-03   4.11383985e+00  -1.00000000e+00  -1.00000000e+00
  -1.00000000e+00  -1.00000000e+00  -1.00000000e+00  -1.00000000e+00
   1.91902025e-03   4.11383985e+00   1.93164334e-03   4.11383985e+00
   1.95317888e-03   4.11383985e+00   1.95980497e-03   4.11383985e+00
   1.93869573e-03   4.11383985e+00  -1.00000000e+00  -1.00000000e+00
  -1.00000000e+00  -1.00000000e+00   1.91691052e-03   4.11383985e+00
  -1.00000000e+00  -1.00000000e+00]
[ -1.00000000e+00  -1.00000000e+00   9.66551091e-04   2.05150570e+00
  -1.00000000e+00  -1.00000000e+00  -1.00000000e+00  -1.00000000e+00
   9.69604855e-04   2.05150570e+00  -1.00000000e+00  -1.00000000e+00
  -1.00000000e+00  -1.00000000e+00  -1.00000000e+00  -1.00000000e+00
   9.75834908e-04   2.05150570e+00   9.77963547e-04   2.05150570e+00
  -1.00000000e+00  -1.00000000e+00  -1.00000000e+00  -1.00000000e+00
  -1.00000000e+00  -1.00000000e+00  -1.00000000e+00  -1.00000000e+00
  -1.00000000e+00  -1.00000000e+00]
[  2.22966229e-03   4.71136576e+00  -1.00000000e+00  -1.00000000e+00
   2.23186993e-03   4.71136576e+00  -1.00000000e+00  -1.00000000e+00
  -1.00000000e+00  -1.00000000e+00  -1.00000000e+00  -1.00000000e+00
   2.19744377e-03   4.71136576e+00   2.21311537e-03   4.71136576e+00
  -1.00000000e+00  -1.00000000e+00   2.24591809e-03   4.71136576e+00
   2.22119874e-03   4.71136576e+00  -1.00000000e+00  -1.00000000e+00
  -1.00000000e+00  -1.00000000e+00   2.19516551e-03   4.71136576e+00
  -1.00000000e+00  -1.00000000e+00]
