3.586e-03 7.573e+00 -1.000e+00 -1.000e+00 3.589e-03 7.573e+00 -1.000e+00 -1.000e+00 -1.000e+00 -1.000e+00 -1.000e+00 -1.000e+00 3.532e-03 7.573e+00 3.559e-03 7.573e+00 -1.000e+00 -1.000e+00 3.596e-03 7.573e+00 3.567e-03 7.573e+00 -1.000e+00 -1.000e+00 -1.000e+00 -1.000e+00 -1.000e+00 -1.000e+00 -1.000e+00 -1.000e+00 
-1.000e+00 -1.000e+00 -1.000e+00 -1.000e+00 -1.000e+00 -1.000e+00 -1.000e+00 -1.000e+00 -1.000e+00 -1.000e+00 -1.000e+00 -1.000e+00 2.104e-03 4.508e+00 2.121e-03 4.508e+00 -1.000e+00 -1.000e+00 -1.000e+00 -1.000e+00 2.123e-03 4.508e+00 2.094e-03 4.508e+00 2.069e-03 4.508e+00 -1.000e+00 -1.000e+00 -1.000e+00 -1.000e+00 
1.151e-03 2.429e+00 -1.000e+00 -1.000e+00 1.151e-03 2.429e+00 -1.000e+00 -1.000e+00 -1.000e+00 -1.000e+00 -1.000e+00 -1.000e+00 -1.000e+00 -1.000e+00 -1.000e+00 -1.000e+00 -1.000e+00 -1.000e+00 1.156e-03 2.429e+00 -1.000e+00 -1.000e+00 -1.000e+00 -1.000e+00 -1.000e+00 -1.000e+00 -1.000e+00 -1.000e+00 -1.000e+00 -1.000e+00 
1.179e-03 2.485e+00 -1.000e+00 -1.000e+00 1.179e-03 2.485e+00 -1.000e+00 -1.000e+00 -1.000e+00 -1.000e+00 -1.000e+00 -1.000e+00 1.160e-03 2.485e+00 1.168e-03 2.485e+00 -1.000e+00 -1.000e+00 1.184e-03 2.485e+00 1.169e-03 2.485e+00 1.155e-03 2.485e+00 -1.000e+00 -1.000e+00 -1.000e+00 -1.000e+00 -1.000e+00 -1.000e+00 
2.896e-03 6.116e+00 2.878e-03 6.116e+00 2.897e-03 6.116e+00 -1.000e+00 -1.000e+00 -1.000e+00 -1.000e+00 -1.000e+00 -1.000e+00 -1.000e+00 -1.000e+00 -1.000e+00 -1.000e+00 2.904e-03 6.116e+00 2.914e-03 6.116e+00 -1.000e+00 -1.000e+00 -1.000e+00 -1.000e+00 -1.000e+00 -1.000e+00 -1.000e+00 -1.000e+00 -1.000e+00 -1.000e+00 
-1.000e+00 -1.000e+00 8.551e-04 1.814e+00 -1.000e+00 -1.000e+00 8.476e-04 1.814e+00 8.582e-04 1.814e+00 -1.000e+00 -1.000e+00 -1.000e+00 -1.000e+00 -1.000e+00 -1.000e+00 8.617e-04 1.814e+00 -1.000e+00 -1.000e+00 -1.000e+00 -1.000e+00 -1.000e+00 -1.000e+00 -1.000e+00 -1.000e+00 -1.000e+00 -1.000e+00 -1.000e+00 -1.000e+00 
-1.000e+00 -1.000e+00 1.338e-03 2.841e+00 -1.000e+00 -1.000e+00 1.326e-03 2.841e+00 1.341e-03 2.841e+00 -1.000e+00 -1.000e+00 -1.000e+00 -1.000e+00 -1.000e+00 -1.000e+00 1.351e-03 2.841e+00 1.355e-03 2.841e+00 -1.000e+00 -1.000e+00 -1.000e+00 -1.000e+00 -1.000e+00 -1.000e+00 -1.000e+00 -1.000e+00 -1.000e+00 -1.000e+00 
1.268e-03 2.670e+00 1.258e-03 2.670e+00 1.269e-03 2.670e+00 -1.000e+00 -1.000e+00 -1.000e+00 -1.000e+00 -1.000e+00 -1.000e+00 1.248e-03 2.670e+00 1.255e-03 2.670e+00 -1.000e+00 -1.000e+00 1.274e-03 2.670e+00 1.258e-03 2.670e+00 -1.000e+00 -1.000e+00 1.226e-03 2.670e+00 1.244e-03 2.670e+00 1.228e-03 2.670e+00 
1.775e-03 3.748e+00 -1.000e+00 -1.000e+00 1.775e-03 3.748e+00 -1.000e+00 -1.000e+00 -1.000e+00 -1.000e+00 -1.000e+00 -1.000e+00 -1.000e+00 -1.000e+00 -1.000e+00 -1.000e+00 -1.000e+00 -1.000e+00 1.784e-03 3.748e+00 -1.000e+00 -1.000e+00 -1.000e+00 -1.000e+00 -1.000e+00 -1.000e+00 -1.000e+00 -1.000e+00 -1.000e+00 -1.000e+00 
2.468e-03 5.211e+00 -1.000e+00 -1.000e+00 2.467e-03 5.211e+00 -1.000e+00 -1.000e+00 -1.000e+00 -1.000e+00 -1.000e+00 -1.000e+00 -1.000e+00 -1.000e+00 2.448e-03 5.211e+00 -1.000e+00 -1.000e+00 2.477e-03 5.211e+00 2.454e-03 5.211e+00 -1.000e+00 -1.000e+00 -1.000e+00 -1.000e+00 -1.000e+00 -1.000e+00 -1.000e+00 -1.000e+00 
2.235e-03 4.717e+00 -1.000e+00 -1.000e+00 2.235e-03 4.717e+00 -1.000e+00 -1.000e+00 -1.000e+00 -1.000e+00 -1.000e+00 -1.000e+00 2.201e-03 4.717e+00 2.216e-03 4.717e+00 -1.000e+00 -1.000e+00 -1.000e+00 -1.000e+00 2.223e-03 4.717e+00 2.190e-03 4.717e+00 -1.000e+00 -1.000e+00 -1.000e+00 -1.000e+00 -1.000e+00 -1.000e+00 
2.786e-03 5.867e+00 2.760e-03 5.867e+00 2.784e-03 5.867e+00 2.737e-03 5.867e+00 -1.000e+00 -1.000e+00 2.711e-03 5.867e+00 2.737e-03 5.867e+00 2.763e-03 5.867e+00 2.797e-03 5.867e+00 2.793e-03 5.867e+00 -1.000e+00 -1.000e+00 -1.000e+00 -1.000e+00 -1.000e+00 -1.000e+00 2.733e-03 5.867e+00 2.697e-03 5.867e+00 
-1.000e+00 -1.000e+00 -1.000e+00 -1.000e+00 -1.000e+00 -1.000e+00 -1.000e+00 -1.000e+00 -1.000e+00 -1.000e+00 -1.000e+00 -1.000e+00 1.043e-03 2.235e+00 1.051e-03 2.235e+00 -1.000e+00 -1.000e+00 -1.000e+00 -1.000e+00 1.054e-03 2.235e+00 1.039e-03 2.235e+00 -1.000e+00 -1.000e+00 -1.000e+00 -1.000e+00 -1.000e+00 -1.000e+00 
-1.000e+00 -1.000e+00 1.112e-03 2.358e+00 -1.000e+00 -1.000e+00 1.101e-03 2.358e+00 1.114e-03 2.358e+00 1.090e-03 2.358e+00 -1.000e+00 -1.000e+00 -1.000e+00 -1.000e+00 1.122e-03 2.358e+00 1.126e-03 2.358e+00 -1.000e+00 -1.000e+00 -1.000e+00 -1.000e+00 -1.000e+00 -1.000e+00 1.099e-03 2.358e+00 1.085e-03 2.358e+00 
3.048e-03 6.436e+00 -1.000e+00 -1.000e+00 3.052e-03 6.436e+00 -1.000e+00 -1.000e+00 -1.000e+00 -1.000e+00 -1.000e+00 -1.000e+00 3.004e-03 6.436e+00 3.020e-03 6.436e+00 -1.000e+00 -1.000e+00 3.062e-03 6.436e+00 3.029e-03 6.436e+00 -1.000e+00 -1.000e+00 2.953e-03 6.436e+00 2.995e-03 6.436e+00 2.959e-03 6.436e+00 
2.016e-03 4.260e+00 -1.000e+00 -1.000e+00 2.019e-03 4.260e+00 -1.000e+00 -1.000e+00 -1.000e+00 -1.000e+00 -1.000e+00 -1.000e+00 1.985e-03 4.260e+00 2.002e-03 4.260e+00 -1.000e+00 -1.000e+00 -1.000e+00 -1.000e+00 2.012e-03 4.260e+00 -1.000e+00 -1.000e+00 1.955e-03 4.260e+00 1.987e-03 4.260e+00 1.959e-03 4.260e+00 
-1.000e+00 -1.000e+00 -1.000e+00 -1.000e+00 -1.000e+00 -1.000e+00 -1.000e+00 -1.000e+00 -1.000e+00 -1.000e+00 -1.000e+00 -1.000e+00 1.979e-03 4.246e+00 1.991e-03 4.246e+00 -1.000e+00 -1.000e+00 -1.000e+00 -1.000e+00 2.003e-03 4.246e+00 1.970e-03 4.246e+00 1.949e-03 4.246e+00 -1.000e+00 -1.000e+00 -1.000e+00 -1.000e+00 
2.422e-03 5.118e+00 -1.000e+00 -1.000e+00 2.424e-03 5.118e+00 -1.000e+00 -1.000e+00 -1.000e+00 -1.000e+00 -1.000e+00 -1.000e+00 2.387e-03 5.118e+00 2.405e-03 5.118e+00 -1.000e+00 -1.000e+00 2.432e-03 5.118e+00 2.409e-03 5.118e+00 -1.000e+00 -1.000e+00 -1.000e+00 -1.000e+00 2.385e-03 5.118e+00 -1.000e+00 -1.000e+00 
-1.000e+00 -1.000e+00 -1.000e+00 -1.000e+00 -1.000e+00 -1.000e+00 2.333e-03 5.005e+00 -1.000e+00 -1.000e+00 2.312e-03 5.005e+00 -1.000e+00 -1.000e+00 -1.000e+00 -1.000e+00 -1.000e+00 -1.000e+00 -1.000e+00 -1.000e+00 -1.000e+00 -1.000e+00 -1.000e+00 -1.000e+00 -1.000e+00 -1.000e+00 2.332e-03 5.005e+00 2.301e-03 5.005e+00 
2.356e-03 4.973e+00 2.341e-03 4.973e+00 2.356e-03 4.973e+00 -1.000e+00 -1.000e+00 -1.000e+00 -1.000e+00 -1.000e+00 -1.000e+00 -1.000e+00 -1.000e+00 -1.000e+00 -1.000e+00 2.362e-03 4.973e+00 2.366e-03 4.973e+00 -1.000e+00 -1.000e+00 -1.000e+00 -1.000e+00 -1.000e+00 -1.000e+00 2.317e-03 4.973e+00 -1.000e+00 -1.000e+00 
8.906e-04 1.876e+00 -1.000e+00 -1.000e+00 8.891e-04 1.876e+00 -1.000e+00 -1.000e+00 -1.000e+00 -1.000e+00 -1.000e+00 -1.000e+00 8.762e-04 1.876e+00 8.827e-04 1.876e+00 -1.000e+00 -1.000e+00 8.932e-04 1.876e+00 8.852e-04 1.876e+00 -1.000e+00 -1.000e+00 -1.000e+00 -1.000e+00 -1.000e+00 -1.000e+00 -1.000e+00 -1.000e+00 
-1.000e+00 -1.000e+00 1.938e-03 4.117e+00 -1.000e+00 -1.000e+00 1.920e-03 4.117e+00 -1.000e+00 -1.000e+00 1.902e-03 4.117e+00 -1.000e+00 -1.000e+00 -1.000e+00 -1.000e+00 1.952e-03 4.117e+00 -1.000e+00 -1.000e+00 -1.000e+00 -1.000e+00 -1.000e+00 -1.000e+00 -1.000e+00 -1.000e+00 1.918e-03 4.117e+00 1.893e-03 4.117e+00 
2.387e-03 5.038e+00 -1.000e+00 -1.000e+00 2.387e-03 5.038e+00 -1.000e+00 -1.000e+00 -1.000e+00 -1.000e+00 -1.000e+00 -1.000e+00 -1.000e+00 -1.000e+00 -1.000e+00 -1.000e+00 2.394e-03 5.038e+00 2.398e-03 5.038e+00 -1.000e+00 -1.000e+00 -1.000e+00 -1.000e+00 -1.000e+00 -1.000e+00 -1.000e+00 -1.000e+00 -1.000e+00 -1.000e+00 
-1.000e+00 -1.000e+00 -1.000e+00 -1.000e+00 -1.000e+00 -1.000e+00 2.573e-03 5.516e+00 -1.000e+00 -1.000e+00 2.548e-03 5.516e+00 -1.000e+00 -1.000e+00 -1.000e+00 -1.000e+00 -1.000e+00 -1.000e+00 -1.000e+00 -1.000e+00 -1.000e+00 -1.000e+00 -1.000e+00 -1.000e+00 -1.000e+00 -1.000e+00 -1.000e+00 -1.000e+00 2.536e-03 5.516e+00 
-1.000e+00 -1.000e+00 -1.000e+00 -1.000e+00 -1.000e+00 -1.000e+00 -1.000e+00 -1.000e+00 -1.000e+00 -1.000e+00 -1.000e+00 -1.000e+00 3.042e-03 6.522e+00 3.069e-03 6.522e+00 -1.000e+00 -1.000e+00 -1.000e+00 -1.000e+00 3.072e-03 6.522e+00 3.030e-03 6.522e+00 2.993e-03 6.522e+00 -1.000e+00 -1.000e+00 -1.000e+00 -1.000e+00 
1.720e-03 3.630e+00 1.709e-03 3.630e+00 1.719e-03 3.630e+00 -1.000e+00 -1.000e+00 -1.000e+00 -1.000e+00 -1.000e+00 -1.000e+00 -1.000e+00 -1.000e+00 -1.000e+00 -1.000e+00 1.726e-03 3.630e+00 1.727e-03 3.630e+00 -1.000e+00 -1.000e+00 -1.000e+00 -1.000e+00 -1.000e+00 -1.000e+00 -1.000e+00 -1.000e+00 -1.000e+00 -1.000e+00 
1.544e-03 3.262e+00 -1.000e+00 -1.000e+00 1.545e-03 3.262e+00 -1.000e+00 -1.000e+00 -1.000e+00 -1.000e+00 -1.000e+00 -1.000e+00 1.522e-03 3.262e+00 1.533e-03 3.262e+00 -1.000e+00 -1.000e+00 1.552e-03 3.262e+00 1.537e-03 3.262e+00 -1.000e+00 -1.000e+00 -1.000e+00 -1.000e+00 1.520e-03 3.262e+00 -1.000e+00 -1.000e+00 
2.490e-03 5.256e+00 2.473e-03 5.256e+00 2.487e-03 5.256e+00 -1.000e+00 -1.000e+00 -1.000e+00 -1.000e+00 -1.000e+00 -1.000e+00 -1.000e+00 -1.000e+00 -1.000e+00 -1.000e+00 2.496e-03 5.256e+00 2.503e-03 5.256e+00 -1.000e+00 -1.000e+00 -1.000e+00 -1.000e+00 -1.000e+00 -1.000e+00 2.449e-03 5.256e+00 -1.000e+00 -1.000e+00 
1.374e-03 2.894e+00 1.360e-03 2.894e+00 1.370e-03 2.894e+00 -1.000e+00 -1.000e+00 -1.000e+00 -1.000e+00 1.337e-03 2.894e+00 1.351e-03 2.894e+00 1.358e-03 2.894e+00 1.373e-03 2.894e+00 1.382e-03 2.894e+00 -1.000e+00 -1.000e+00 -1.000e+00 -1.000e+00 1.329e-03 2.894e+00 1.349e-03 2.894e+00 1.331e-03 2.894e+00 
-1.000e+00 -1.000e+00 -1.000e+00 -1.000e+00 -1.000e+00 -1.000e+00 -1.000e+00 -1.000e+00 -1.000e+00 -1.000e+00 -1.000e+00 -1.000e+00 2.640e-03 5.664e+00 2.659e-03 5.664e+00 -1.000e+00 -1.000e+00 -1.000e+00 -1.000e+00 2.670e-03 5.664e+00 2.630e-03 5.664e+00 -1.000e+00 -1.000e+00 -1.000e+00 -1.000e+00 -1.000e+00 -1.000e+00 
2.083e-03 4.397e+00 2.071e-03 4.397e+00 2.086e-03 4.397e+00 -1.000e+00 -1.000e+00 -1.000e+00 -1.000e+00 -1.000e+00 -1.000e+00 -1.000e+00 -1.000e+00 -1.000e+00 -1.000e+00 2.087e-03 4.397e+00 2.094e-03 4.397e+00 -1.000e+00 -1.000e+00 -1.000e+00 -1.000e+00 -1.000e+00 -1.000e+00 2.049e-03 4.397e+00 -1.000e+00 -1.000e+00 
1.719e-03 3.631e+00 -1.000e+00 -1.000e+00 1.722e-03 3.631e+00 -1.000e+00 -1.000e+00 -1.000e+00 -1.000e+00 -1.000e+00 -1.000e+00 1.694e-03 3.631e+00 1.706e-03 3.631e+00 -1.000e+00 -1.000e+00 1.729e-03 3.631e+00 1.711e-03 3.631e+00 -1.000e+00 -1.000e+00 -1.000e+00 -1.000e+00 -1.000e+00 -1.000e+00 -1.000e+00 -1.000e+00 
1.630e-03 3.440e+00 -1.000e+00 -1.000e+00 1.629e-03 3.440e+00 -1.000e+00 -1.000e+00 -1.000e+00 -1.000e+00 -1.000e+00 -1.000e+00 1.604e-03 3.440e+00 1.617e-03 3.440e+00 -1.000e+00 -1.000e+00 -1.000e+00 -1.000e+00 1.623e-03 3.440e+00 1.598e-03 3.440e+00 1.579e-03 3.440e+00 1.600e-03 3.440e+00 -1.000e+00 -1.000e+00 
-1.000e+00 -1.000e+00 -1.000e+00 -1.000e+00 -1.000e+00 -1.000e+00 5.548e-04 1.185e+00 5.624e-04 1.185e+00 5.496e-04 1.185e+00 -1.000e+00 -1.000e+00 -1.000e+00 -1.000e+00 -1.000e+00 -1.000e+00 -1.000e+00 -1.000e+00 -1.000e+00 -1.000e+00 -1.000e+00 -1.000e+00 -1.000e+00 -1.000e+00 -1.000e+00 -1.000e+00 -1.000e+00 -1.000e+00 
1.990e-03 4.198e+00 -1.000e+00 -1.000e+00 1.986e-03 4.198e+00 -1.000e+00 -1.000e+00 -1.000e+00 -1.000e+00 -1.000e+00 -1.000e+00 1.959e-03 4.198e+00 1.973e-03 4.198e+00 -1.000e+00 -1.000e+00 -1.000e+00 -1.000e+00 1.981e-03 4.198e+00 1.949e-03 4.198e+00 -1.000e+00 -1.000e+00 -1.000e+00 -1.000e+00 -1.000e+00 -1.000e+00 
1.661e-03 3.506e+00 -1.000e+00 -1.000e+00 1.662e-03 3.506e+00 -1.000e+00 -1.000e+00 -1.000e+00 -1.000e+00 -1.000e+00 -1.000e+00 1.636e-03 3.506e+00 1.647e-03 3.506e+00 -1.000e+00 -1.000e+00 1.672e-03 3.506e+00 1.653e-03 3.506e+00 1.628e-03 3.506e+00 -1.000e+00 -1.000e+00 1.634e-03 3.506e+00 -1.000e+00 -1.000e+00 
1.201e-03 2.544e+00 1.199e-03 2.544e+00 1.209e-03 2.544e+00 1.187e-03 2.544e+00 -1.000e+00 -1.000e+00 1.176e-03 2.544e+00 -1.000e+00 -1.000e+00 1.195e-03 2.544e+00 1.210e-03 2.544e+00 1.208e-03 2.544e+00 -1.000e+00 -1.000e+00 -1.000e+00 -1.000e+00 -1.000e+00 -1.000e+00 1.187e-03 2.544e+00 1.171e-03 2.544e+00 
1.853e-03 3.916e+00 -1.000e+00 -1.000e+00 1.856e-03 3.916e+00 -1.000e+00 -1.000e+00 -1.000e+00 -1.000e+00 -1.000e+00 -1.000e+00 -1.000e+00 -1.000e+00 1.840e-03 3.916e+00 -1.000e+00 -1.000e+00 1.863e-03 3.916e+00 1.845e-03 3.916e+00 -1.000e+00 -1.000e+00 -1.000e+00 -1.000e+00 -1.000e+00 -1.000e+00 -1.000e+00 -1.000e+00 
-1.000e+00 -1.000e+00 7.680e-04 1.628e+00 -1.000e+00 -1.000e+00 7.611e-04 1.628e+00 7.712e-04 1.628e+00 7.538e-04 1.628e+00 -1.000e+00 -1.000e+00 -1.000e+00 -1.000e+00 7.741e-04 1.628e+00 7.753e-04 1.628e+00 -1.000e+00 -1.000e+00 -1.000e+00 -1.000e+00 -1.000e+00 -1.000e+00 7.602e-04 1.628e+00 -1.000e+00 -1.000e+00 
1.410e-03 2.971e+00 1.399e-03 2.971e+00 1.409e-03 2.971e+00 -1.000e+00 -1.000e+00 -1.000e+00 -1.000e+00 -1.000e+00 -1.000e+00 1.387e-03 2.971e+00 1.395e-03 2.971e+00 -1.000e+00 -1.000e+00 1.417e-03 2.971e+00 1.400e-03 2.971e+00 -1.000e+00 -1.000e+00 1.364e-03 2.971e+00 1.383e-03 2.971e+00 1.367e-03 2.971e+00 
2.217e-03 4.678e+00 2.202e-03 4.678e+00 2.216e-03 4.678e+00 -1.000e+00 -1.000e+00 -1.000e+00 -1.000e+00 -1.000e+00 -1.000e+00 -1.000e+00 -1.000e+00 -1.000e+00 -1.000e+00 2.223e-03 4.678e+00 2.226e-03 4.678e+00 -1.000e+00 -1.000e+00 -1.000e+00 -1.000e+00 -1.000e+00 -1.000e+00 -1.000e+00 -1.000e+00 -1.000e+00 -1.000e+00 
2.113e-03 4.460e+00 -1.000e+00 -1.000e+00 2.113e-03 4.460e+00 -1.000e+00 -1.000e+00 -1.000e+00 -1.000e+00 -1.000e+00 -1.000e+00 -1.000e+00 -1.000e+00 2.095e-03 4.460e+00 -1.000e+00 -1.000e+00 -1.000e+00 -1.000e+00 2.101e-03 4.460e+00 -1.000e+00 -1.000e+00 -1.000e+00 -1.000e+00 -1.000e+00 -1.000e+00 -1.000e+00 -1.000e+00 
1.294e-03 2.729e+00 1.286e-03 2.729e+00 1.293e-03 2.729e+00 -1.000e+00 -1.000e+00 -1.000e+00 -1.000e+00 -1.000e+00 -1.000e+00 1.274e-03 2.729e+00 1.283e-03 2.729e+00 1.298e-03 2.729e+00 1.300e-03 2.729e+00 1.287e-03 2.729e+00 -1.000e+00 -1.000e+00 -1.000e+00 -1.000e+00 1.272e-03 2.729e+00 -1.000e+00 -1.000e+00 
3.187e-03 6.741e+00 3.174e-03 6.741e+00 3.187e-03 6.741e+00 -1.000e+00 -1.000e+00 -1.000e+00 -1.000e+00 -1.000e+00 -1.000e+00 3.145e-03 6.741e+00 3.165e-03 6.741e+00 -1.000e+00 -1.000e+00 3.209e-03 6.741e+00 3.182e-03 6.741e+00 -1.000e+00 -1.000e+00 3.094e-03 6.741e+00 3.144e-03 6.741e+00 3.100e-03 6.741e+00 
5.810e-04 1.220e+00 5.756e-04 1.220e+00 5.804e-04 1.220e+00 5.710e-04 1.220e+00 -1.000e+00 -1.000e+00 5.658e-04 1.220e+00 -1.000e+00 -1.000e+00 -1.000e+00 -1.000e+00 5.835e-04 1.220e+00 5.820e-04 1.220e+00 -1.000e+00 -1.000e+00 -1.000e+00 -1.000e+00 -1.000e+00 -1.000e+00 5.707e-04 1.220e+00 -1.000e+00 -1.000e+00 
-1.000e+00 -1.000e+00 -1.000e+00 -1.000e+00 -1.000e+00 -1.000e+00 -1.000e+00 -1.000e+00 -1.000e+00 -1.000e+00 -1.000e+00 -1.000e+00 1.833e-03 3.932e+00 1.846e-03 3.932e+00 -1.000e+00 -1.000e+00 -1.000e+00 -1.000e+00 1.857e-03 3.932e+00 1.825e-03 3.932e+00 1.805e-03 3.932e+00 -1.000e+00 -1.000e+00 -1.000e+00 -1.000e+00 
1.517e-03 3.199e+00 -1.000e+00 -1.000e+00 1.518e-03 3.199e+00 -1.000e+00 -1.000e+00 -1.000e+00 -1.000e+00 -1.000e+00 -1.000e+00 1.493e-03 3.199e+00 1.504e-03 3.199e+00 -1.000e+00 -1.000e+00 1.524e-03 3.199e+00 1.507e-03 3.199e+00 1.486e-03 3.199e+00 -1.000e+00 -1.000e+00 -1.000e+00 -1.000e+00 -1.000e+00 -1.000e+00 
1.050e-03 2.213e+00 1.042e-03 2.213e+00 1.048e-03 2.213e+00 -1.000e+00 -1.000e+00 -1.000e+00 -1.000e+00 -1.000e+00 -1.000e+00 1.033e-03 2.213e+00 1.041e-03 2.213e+00 -1.000e+00 -1.000e+00 1.055e-03 2.213e+00 1.044e-03 2.213e+00 -1.000e+00 -1.000e+00 -1.000e+00 -1.000e+00 1.032e-03 2.213e+00 -1.000e+00 -1.000e+00 
1.754e-03 3.704e+00 -1.000e+00 -1.000e+00 1.754e-03 3.704e+00 -1.000e+00 -1.000e+00 -1.000e+00 -1.000e+00 -1.000e+00 -1.000e+00 -1.000e+00 -1.000e+00 1.740e-03 3.704e+00 -1.000e+00 -1.000e+00 1.766e-03 3.704e+00 1.746e-03 3.704e+00 -1.000e+00 -1.000e+00 -1.000e+00 -1.000e+00 -1.000e+00 -1.000e+00 -1.000e+00 -1.000e+00 
7.555e-04 1.591e+00 7.501e-04 1.591e+00 7.556e-04 1.591e+00 -1.000e+00 -1.000e+00 -1.000e+00 -1.000e+00 -1.000e+00 -1.000e+00 -1.000e+00 -1.000e+00 -1.000e+00 -1.000e+00 7.567e-04 1.591e+00 7.582e-04 1.591e+00 -1.000e+00 -1.000e+00 -1.000e+00 -1.000e+00 -1.000e+00 -1.000e+00 7.427e-04 1.591e+00 -1.000e+00 -1.000e+00 
