[ -1.00000000e+00  -1.00000000e+00  -1.00000000e+00  -1.00000000e+00
  -1.00000000e+00  -1.00000000e+00  -1.00000000e+00  -1.00000000e+00
  -1.00000000e+00  -1.00000000e+00  -1.00000000e+00  -1.00000000e+00
   2.43880892e-03   5.22445248e+00   2.45045231e-03   5.22445248e+00
  -1.00000000e+00  -1.00000000e+00  -1.00000000e+00  -1.00000000e+00
  -1.00000000e+00  -1.00000000e+00   2.42700005e-03   5.22445248e+00
   2.39763597e-03   5.22445248e+00  -1.00000000e+00  -1.00000000e+00
  -1.00000000e+00  -1.00000000e+00]
[ -1.00000000e+00  -1.00000000e+00  -1.00000000e+00  -1.00000000e+00
  -1.00000000e+00  -1.00000000e+00  -1.00000000e+00  -1.00000000e+00
  -1.00000000e+00  -1.00000000e+00  -1.00000000e+00  -1.00000000e+00
   2.54431933e-03   5.46280780e+00   2.56973364e-03   5.46280780e+00
  -1.00000000e+00  -1.00000000e+00  -1.00000000e+00  -1.00000000e+00
   2.57479572e-03   5.46280780e+00   2.53791468e-03   5.46280780e+00
   2.50697964e-03   5.46280780e+00  -1.00000000e+00  -1.00000000e+00
  -1.00000000e+00  -1.00000000e+00]
[  2.42581660e-03   5.12743984e+00  -1.00000000e+00  -1.00000000e+00
   2.43225992e-03   5.12743984e+00  -1.00000000e+00  -1.00000000e+00
  -1.00000000e+00  -1.00000000e+00  -1.00000000e+00  -1.00000000e+00
   2.39137635e-03   5.12743984e+00   2.40893311e-03   5.12743984e+00
  -1.00000000e+00  -1.00000000e+00   2.44002909e-03   5.12743984e+00
   2.41671945e-03   5.12743984e+00  -1.00000000e+00  -1.00000000e+00
  -1.00000000e+00  -1.00000000e+00   2.38893332e-03   5.12743984e+00
  -1.00000000e+00  -1.00000000e+00]
[ -1.00000000e+00  -1.00000000e+00   1.59219391e-03   3.38267121e+00
  -1.00000000e+00  -1.00000000e+00   1.57792730e-03   3.38267121e+00
   1.59644845e-03   3.38267121e+00   1.56338896e-03   3.38267121e+00
  -1.00000000e+00  -1.00000000e+00  -1.00000000e+00  -1.00000000e+00
  -1.00000000e+00  -1.00000000e+00  -1.00000000e+00  -1.00000000e+00
  -1.00000000e+00  -1.00000000e+00  -1.00000000e+00  -1.00000000e+00
  -1.00000000e+00  -1.00000000e+00  -1.00000000e+00  -1.00000000e+00
  -1.00000000e+00  -1.00000000e+00]
[ -1.00000000e+00  -1.00000000e+00  -1.00000000e+00  -1.00000000e+00
  -1.00000000e+00  -1.00000000e+00  -1.00000000e+00  -1.00000000e+00
  -1.00000000e+00  -1.00000000e+00  -1.00000000e+00  -1.00000000e+00
   1.82876298e-03   3.92086179e+00   1.84116440e-03   3.92086179e+00
  -1.00000000e+00  -1.00000000e+00  -1.00000000e+00  -1.00000000e+00
   1.84642522e-03   3.92086179e+00   1.82078541e-03   3.92086179e+00
  -1.00000000e+00  -1.00000000e+00  -1.00000000e+00  -1.00000000e+00
  -1.00000000e+00  -1.00000000e+00]
[  1.82791267e-03   3.85553985e+00  -1.00000000e+00  -1.00000000e+00
   1.82595530e-03   3.85553985e+00  -1.00000000e+00  -1.00000000e+00
  -1.00000000e+00  -1.00000000e+00  -1.00000000e+00  -1.00000000e+00
  -1.00000000e+00  -1.00000000e+00   1.81147495e-03   3.85553985e+00
   1.83242588e-03   3.85553985e+00   1.83364604e-03   3.85553985e+00
  -1.00000000e+00  -1.00000000e+00  -1.00000000e+00  -1.00000000e+00
  -1.00000000e+00  -1.00000000e+00  -1.00000000e+00  -1.00000000e+00
  -1.00000000e+00  -1.00000000e+00]
[  2.59668316e-03   5.48316196e+00   2.58128004e-03   5.48316196e+00
   2.59290948e-03   5.48316196e+00  -1.00000000e+00  -1.00000000e+00
  -1.00000000e+00  -1.00000000e+00  -1.00000000e+00  -1.00000000e+00
  -1.00000000e+00  -1.00000000e+00   2.57330022e-03   5.48316196e+00
   2.60514925e-03   5.48316196e+00   2.60759354e-03   5.48316196e+00
  -1.00000000e+00  -1.00000000e+00  -1.00000000e+00  -1.00000000e+00
  -1.00000000e+00  -1.00000000e+00   2.55460031e-03   5.48316196e+00
  -1.00000000e+00  -1.00000000e+00]
[  2.40756547e-03   5.08793447e+00   2.39441495e-03   5.08793447e+00
   2.41185829e-03   5.08793447e+00  -1.00000000e+00  -1.00000000e+00
  -1.00000000e+00  -1.00000000e+00  -1.00000000e+00  -1.00000000e+00
   2.37287316e-03   5.08793447e+00   2.39061494e-03   5.08793447e+00
   2.42038288e-03   5.08793447e+00   2.42467788e-03   5.08793447e+00
  -1.00000000e+00  -1.00000000e+00  -1.00000000e+00  -1.00000000e+00
  -1.00000000e+00  -1.00000000e+00   2.37053515e-03   5.08793447e+00
  -1.00000000e+00  -1.00000000e+00]
[ -1.00000000e+00  -1.00000000e+00  -1.00000000e+00  -1.00000000e+00
  -1.00000000e+00  -1.00000000e+00  -1.00000000e+00  -1.00000000e+00
  -1.00000000e+00  -1.00000000e+00  -1.00000000e+00  -1.00000000e+00
   2.52405814e-03   5.41283105e+00   2.54120290e-03   5.41283105e+00
  -1.00000000e+00  -1.00000000e+00  -1.00000000e+00  -1.00000000e+00
   2.55002082e-03   5.41283105e+00   2.51319852e-03   5.41283105e+00
  -1.00000000e+00  -1.00000000e+00  -1.00000000e+00  -1.00000000e+00
  -1.00000000e+00  -1.00000000e+00]
[  2.28527040e-03   4.82634041e+00   2.27206139e-03   4.82634041e+00
   2.28765853e-03   4.82634041e+00  -1.00000000e+00  -1.00000000e+00
  -1.00000000e+00  -1.00000000e+00  -1.00000000e+00  -1.00000000e+00
   2.25108023e-03   4.82634041e+00   2.26648923e-03   4.82634041e+00
   2.29082723e-03   4.82634041e+00   2.29586969e-03   4.82634041e+00
  -1.00000000e+00  -1.00000000e+00  -1.00000000e+00  -1.00000000e+00
  -1.00000000e+00  -1.00000000e+00   2.24870901e-03   4.82634041e+00
  -1.00000000e+00  -1.00000000e+00]
[  1.81679942e-03   3.82875551e+00  -1.00000000e+00  -1.00000000e+00
   1.81530957e-03   3.82875551e+00  -1.00000000e+00  -1.00000000e+00
  -1.00000000e+00  -1.00000000e+00  -1.00000000e+00  -1.00000000e+00
   1.78734040e-03   3.82875551e+00   1.79831669e-03   3.82875551e+00
  -1.00000000e+00  -1.00000000e+00  -1.00000000e+00  -1.00000000e+00
   1.80040609e-03   3.82875551e+00   1.77545693e-03   3.82875551e+00
   1.75742423e-03   3.82875551e+00   1.78473845e-03   3.82875551e+00
  -1.00000000e+00  -1.00000000e+00]
[  2.19865678e-03   4.64165418e+00  -1.00000000e+00  -1.00000000e+00
   2.19865678e-03   4.64165418e+00  -1.00000000e+00  -1.00000000e+00
  -1.00000000e+00  -1.00000000e+00  -1.00000000e+00  -1.00000000e+00
  -1.00000000e+00  -1.00000000e+00  -1.00000000e+00  -1.00000000e+00
  -1.00000000e+00  -1.00000000e+00   2.20895379e-03   4.64165418e+00
  -1.00000000e+00  -1.00000000e+00  -1.00000000e+00  -1.00000000e+00
  -1.00000000e+00  -1.00000000e+00  -1.00000000e+00  -1.00000000e+00
  -1.00000000e+00  -1.00000000e+00]
[  1.81069583e-03   3.83781324e+00  -1.00000000e+00  -1.00000000e+00
   1.81658563e-03   3.83781324e+00  -1.00000000e+00  -1.00000000e+00
  -1.00000000e+00  -1.00000000e+00  -1.00000000e+00  -1.00000000e+00
   1.78999429e-03   3.83781324e+00   1.80334747e-03   3.83781324e+00
  -1.00000000e+00  -1.00000000e+00  -1.00000000e+00  -1.00000000e+00
   1.80721683e-03   3.83781324e+00   1.78275120e-03   3.83781324e+00
   1.76157862e-03   3.83781324e+00  -1.00000000e+00  -1.00000000e+00
  -1.00000000e+00  -1.00000000e+00]
[  2.44988006e-03   5.17215734e+00  -1.00000000e+00  -1.00000000e+00
   2.44983226e-03   5.17215734e+00  -1.00000000e+00  -1.00000000e+00
  -1.00000000e+00  -1.00000000e+00  -1.00000000e+00  -1.00000000e+00
  -1.00000000e+00  -1.00000000e+00  -1.00000000e+00  -1.00000000e+00
  -1.00000000e+00  -1.00000000e+00  -1.00000000e+00  -1.00000000e+00
   2.43655777e-03   5.17215734e+00  -1.00000000e+00  -1.00000000e+00
  -1.00000000e+00  -1.00000000e+00  -1.00000000e+00  -1.00000000e+00
  -1.00000000e+00  -1.00000000e+00]
[ -1.00000000e+00  -1.00000000e+00   1.51396532e-03   3.21837141e+00
  -1.00000000e+00  -1.00000000e+00   1.50150615e-03   3.21837141e+00
  -1.00000000e+00  -1.00000000e+00   1.48787387e-03   3.21837141e+00
  -1.00000000e+00  -1.00000000e+00  -1.00000000e+00  -1.00000000e+00
  -1.00000000e+00  -1.00000000e+00  -1.00000000e+00  -1.00000000e+00
  -1.00000000e+00  -1.00000000e+00  -1.00000000e+00  -1.00000000e+00
  -1.00000000e+00  -1.00000000e+00   1.50047219e-03   3.21837141e+00
   1.48031872e-03   3.21837141e+00]
[ -1.00000000e+00  -1.00000000e+00   1.65109202e-03   3.50837575e+00
  -1.00000000e+00  -1.00000000e+00   1.63680830e-03   3.50837575e+00
   1.65762807e-03   3.50837575e+00  -1.00000000e+00  -1.00000000e+00
  -1.00000000e+00  -1.00000000e+00  -1.00000000e+00  -1.00000000e+00
   1.66916373e-03   3.50837575e+00  -1.00000000e+00  -1.00000000e+00
  -1.00000000e+00  -1.00000000e+00  -1.00000000e+00  -1.00000000e+00
  -1.00000000e+00  -1.00000000e+00  -1.00000000e+00  -1.00000000e+00
  -1.00000000e+00  -1.00000000e+00]
[  2.68894790e-03   5.68094691e+00  -1.00000000e+00  -1.00000000e+00
   2.68686191e-03   5.68094691e+00  -1.00000000e+00  -1.00000000e+00
  -1.00000000e+00  -1.00000000e+00  -1.00000000e+00  -1.00000000e+00
   2.64924329e-03   5.68094691e+00   2.66893340e-03   5.68094691e+00
  -1.00000000e+00  -1.00000000e+00  -1.00000000e+00  -1.00000000e+00
   2.67542666e-03   5.68094691e+00   2.63763948e-03   5.68094691e+00
  -1.00000000e+00  -1.00000000e+00  -1.00000000e+00  -1.00000000e+00
  -1.00000000e+00  -1.00000000e+00]
[  2.05046332e-03   4.33742260e+00  -1.00000000e+00  -1.00000000e+00
   2.05595832e-03   4.33742260e+00  -1.00000000e+00  -1.00000000e+00
  -1.00000000e+00  -1.00000000e+00  -1.00000000e+00  -1.00000000e+00
   2.02254401e-03   4.33742260e+00   2.03755834e-03   4.33742260e+00
  -1.00000000e+00  -1.00000000e+00  -1.00000000e+00  -1.00000000e+00
   2.04277602e-03   4.33742260e+00   2.01375141e-03   4.33742260e+00
   1.99073850e-03   4.33742260e+00   2.02199870e-03   4.33742260e+00
   1.99454835e-03   4.33742260e+00]
[  2.57231771e-03   5.42942996e+00  -1.00000000e+00  -1.00000000e+00
   2.57169642e-03   5.42942996e+00  -1.00000000e+00  -1.00000000e+00
  -1.00000000e+00  -1.00000000e+00  -1.00000000e+00  -1.00000000e+00
   2.53220598e-03   5.42942996e+00   2.55042729e-03   5.42942996e+00
  -1.00000000e+00  -1.00000000e+00  -1.00000000e+00  -1.00000000e+00
   2.55763240e-03   5.42942996e+00  -1.00000000e+00  -1.00000000e+00
  -1.00000000e+00  -1.00000000e+00  -1.00000000e+00  -1.00000000e+00
  -1.00000000e+00  -1.00000000e+00]
[  8.12338720e-04   1.71050565e+00   8.05990573e-04   1.71050565e+00
   8.11295395e-04   1.71050565e+00  -1.00000000e+00  -1.00000000e+00
  -1.00000000e+00  -1.00000000e+00  -1.00000000e+00  -1.00000000e+00
  -1.00000000e+00  -1.00000000e+00   8.04581115e-04   1.71050565e+00
   8.14306638e-04   1.71050565e+00   8.15756030e-04   1.71050565e+00
  -1.00000000e+00  -1.00000000e+00  -1.00000000e+00  -1.00000000e+00
  -1.00000000e+00  -1.00000000e+00   7.98298011e-04   1.71050565e+00
  -1.00000000e+00  -1.00000000e+00]
[ -1.00000000e+00  -1.00000000e+00  -1.00000000e+00  -1.00000000e+00
  -1.00000000e+00  -1.00000000e+00  -1.00000000e+00  -1.00000000e+00
  -1.00000000e+00  -1.00000000e+00  -1.00000000e+00  -1.00000000e+00
   6.16305651e-04   1.31781001e+00   6.20638498e-04   1.31781001e+00
  -1.00000000e+00  -1.00000000e+00  -1.00000000e+00  -1.00000000e+00
  -1.00000000e+00  -1.00000000e+00   6.13820727e-04   1.31781001e+00
   6.06604168e-04   1.31781001e+00  -1.00000000e+00  -1.00000000e+00
  -1.00000000e+00  -1.00000000e+00]
[  2.00765372e-03   4.23733158e+00   1.99348311e-03   4.23733158e+00
   2.00863686e-03   4.23733158e+00   1.97677332e-03   4.23733158e+00
  -1.00000000e+00  -1.00000000e+00  -1.00000000e+00  -1.00000000e+00
  -1.00000000e+00  -1.00000000e+00  -1.00000000e+00  -1.00000000e+00
   2.01013409e-03   4.23733158e+00   2.01968086e-03   4.23733158e+00
  -1.00000000e+00  -1.00000000e+00  -1.00000000e+00  -1.00000000e+00
  -1.00000000e+00  -1.00000000e+00   1.97441611e-03   4.23733158e+00
  -1.00000000e+00  -1.00000000e+00]
[  1.65696714e-03   3.49709081e+00   1.64708020e-03   3.49709081e+00
   1.65797738e-03   3.49709081e+00  -1.00000000e+00  -1.00000000e+00
  -1.00000000e+00  -1.00000000e+00  -1.00000000e+00  -1.00000000e+00
  -1.00000000e+00  -1.00000000e+00  -1.00000000e+00  -1.00000000e+00
   1.66105484e-03   3.49709081e+00   1.66351712e-03   3.49709081e+00
  -1.00000000e+00  -1.00000000e+00  -1.00000000e+00  -1.00000000e+00
  -1.00000000e+00  -1.00000000e+00   1.62973252e-03   3.49709081e+00
  -1.00000000e+00  -1.00000000e+00]
[ -1.00000000e+00  -1.00000000e+00   6.43544606e-04   1.36434217e+00
  -1.00000000e+00  -1.00000000e+00   6.38062036e-04   1.36434217e+00
   6.46007070e-04   1.36434217e+00   6.32155062e-04   1.36434217e+00
  -1.00000000e+00  -1.00000000e+00  -1.00000000e+00  -1.00000000e+00
   6.49952333e-04   1.36434217e+00  -1.00000000e+00  -1.00000000e+00
  -1.00000000e+00  -1.00000000e+00  -1.00000000e+00  -1.00000000e+00
  -1.00000000e+00  -1.00000000e+00  -1.00000000e+00  -1.00000000e+00
  -1.00000000e+00  -1.00000000e+00]
[ -1.00000000e+00  -1.00000000e+00   1.54040656e-03   3.27246903e+00
  -1.00000000e+00  -1.00000000e+00   1.52685107e-03   3.27246903e+00
   1.54577384e-03   3.27246903e+00  -1.00000000e+00  -1.00000000e+00
  -1.00000000e+00  -1.00000000e+00  -1.00000000e+00  -1.00000000e+00
   1.55651583e-03   3.27246903e+00   1.55900939e-03   3.27246903e+00
  -1.00000000e+00  -1.00000000e+00  -1.00000000e+00  -1.00000000e+00
  -1.00000000e+00  -1.00000000e+00  -1.00000000e+00  -1.00000000e+00
  -1.00000000e+00  -1.00000000e+00]
[  1.36888989e-03   2.89176515e+00   1.36273420e-03   2.89176515e+00
   1.36877099e-03   2.89176515e+00  -1.00000000e+00  -1.00000000e+00
  -1.00000000e+00  -1.00000000e+00  -1.00000000e+00  -1.00000000e+00
   1.35174249e-03   2.89176515e+00   1.35780470e-03   2.89176515e+00
  -1.00000000e+00  -1.00000000e+00   1.37553017e-03   2.89176515e+00
   1.36106260e-03   2.89176515e+00  -1.00000000e+00  -1.00000000e+00
   1.32772004e-03   2.89176515e+00   1.34726261e-03   2.89176515e+00
   1.33020849e-03   2.89176515e+00]
[  2.34720965e-03   4.96367453e+00   2.33567881e-03   4.96367453e+00
   2.35450533e-03   4.96367453e+00   2.31665348e-03   4.96367453e+00
  -1.00000000e+00  -1.00000000e+00   2.29321627e-03   4.96367453e+00
   2.31350082e-03   4.96367453e+00   2.32739492e-03   4.96367453e+00
   2.35723968e-03   4.96367453e+00   2.35676992e-03   4.96367453e+00
  -1.00000000e+00  -1.00000000e+00  -1.00000000e+00  -1.00000000e+00
  -1.00000000e+00  -1.00000000e+00   2.31303926e-03   4.96367453e+00
   2.28237375e-03   4.96367453e+00]
[  1.91494783e-03   4.04375440e+00  -1.00000000e+00  -1.00000000e+00
   1.91495417e-03   4.04375440e+00  -1.00000000e+00  -1.00000000e+00
  -1.00000000e+00  -1.00000000e+00  -1.00000000e+00  -1.00000000e+00
   1.88623389e-03   4.04375440e+00   1.90090854e-03   4.04375440e+00
  -1.00000000e+00  -1.00000000e+00   1.92610150e-03   4.04375440e+00
   1.90572821e-03   4.04375440e+00  -1.00000000e+00  -1.00000000e+00
  -1.00000000e+00  -1.00000000e+00  -1.00000000e+00  -1.00000000e+00
  -1.00000000e+00  -1.00000000e+00]
[  1.98421764e-03   4.19348463e+00  -1.00000000e+00  -1.00000000e+00
   1.98952430e-03   4.19348463e+00  -1.00000000e+00  -1.00000000e+00
  -1.00000000e+00  -1.00000000e+00  -1.00000000e+00  -1.00000000e+00
   1.95612359e-03   4.19348463e+00   1.97052297e-03   4.19348463e+00
  -1.00000000e+00  -1.00000000e+00  -1.00000000e+00  -1.00000000e+00
   1.97478933e-03   4.19348463e+00   1.94729818e-03   4.19348463e+00
  -1.00000000e+00  -1.00000000e+00  -1.00000000e+00  -1.00000000e+00
  -1.00000000e+00  -1.00000000e+00]
[  2.68352386e-03   5.65966205e+00  -1.00000000e+00  -1.00000000e+00
   2.68432263e-03   5.65966205e+00  -1.00000000e+00  -1.00000000e+00
  -1.00000000e+00  -1.00000000e+00  -1.00000000e+00  -1.00000000e+00
   2.63967114e-03   5.65966205e+00   2.65973911e-03   5.65966205e+00
  -1.00000000e+00  -1.00000000e+00   2.69170436e-03   5.65966205e+00
   2.66697487e-03   5.65966205e+00  -1.00000000e+00  -1.00000000e+00
  -1.00000000e+00  -1.00000000e+00   2.63680151e-03   5.65966205e+00
  -1.00000000e+00  -1.00000000e+00]
[  2.38078223e-03   5.02163050e+00  -1.00000000e+00  -1.00000000e+00
   2.37904571e-03   5.02163050e+00  -1.00000000e+00  -1.00000000e+00
  -1.00000000e+00  -1.00000000e+00  -1.00000000e+00  -1.00000000e+00
   2.34178225e-03   5.02163050e+00   2.35716914e-03   5.02163050e+00
  -1.00000000e+00  -1.00000000e+00   2.39553843e-03   5.02163050e+00
   2.36492936e-03   5.02163050e+00   2.33163444e-03   5.02163050e+00
  -1.00000000e+00  -1.00000000e+00  -1.00000000e+00  -1.00000000e+00
  -1.00000000e+00  -1.00000000e+00]
[  1.79162900e-03   3.78251695e+00  -1.00000000e+00  -1.00000000e+00
   1.79201282e-03   3.78251695e+00  -1.00000000e+00  -1.00000000e+00
  -1.00000000e+00  -1.00000000e+00  -1.00000000e+00  -1.00000000e+00
   1.76446412e-03   3.78251695e+00   1.77741179e-03   3.78251695e+00
  -1.00000000e+00  -1.00000000e+00   1.80290438e-03   3.78251695e+00
   1.78160746e-03   3.78251695e+00  -1.00000000e+00  -1.00000000e+00
  -1.00000000e+00  -1.00000000e+00  -1.00000000e+00  -1.00000000e+00
  -1.00000000e+00  -1.00000000e+00]
[  3.55049380e-03   7.50488899e+00   3.52980676e-03   7.50488899e+00
   3.55249353e-03   7.50488899e+00  -1.00000000e+00  -1.00000000e+00
  -1.00000000e+00  -1.00000000e+00  -1.00000000e+00  -1.00000000e+00
   3.50009044e-03   7.50488899e+00   3.52421204e-03   7.50488899e+00
   3.56367981e-03   7.50488899e+00   3.57341391e-03   7.50488899e+00
  -1.00000000e+00  -1.00000000e+00  -1.00000000e+00  -1.00000000e+00
  -1.00000000e+00  -1.00000000e+00   3.49621877e-03   7.50488899e+00
  -1.00000000e+00  -1.00000000e+00]
[  2.35174660e-03   4.95794674e+00  -1.00000000e+00  -1.00000000e+00
   2.34744899e-03   4.95794674e+00  -1.00000000e+00  -1.00000000e+00
  -1.00000000e+00  -1.00000000e+00  -1.00000000e+00  -1.00000000e+00
   2.31454131e-03   4.95794674e+00   2.33275056e-03   4.95794674e+00
  -1.00000000e+00  -1.00000000e+00  -1.00000000e+00  -1.00000000e+00
   2.33613469e-03   4.95794674e+00   2.30184698e-03   4.95794674e+00
   2.27538094e-03   4.95794674e+00   2.30946967e-03   4.95794674e+00
  -1.00000000e+00  -1.00000000e+00]
[ -1.00000000e+00  -1.00000000e+00   3.36536104e-03   7.14771995e+00
  -1.00000000e+00  -1.00000000e+00  -1.00000000e+00  -1.00000000e+00
  -1.00000000e+00  -1.00000000e+00   3.30134704e-03   7.14771995e+00
  -1.00000000e+00  -1.00000000e+00  -1.00000000e+00  -1.00000000e+00
  -1.00000000e+00  -1.00000000e+00  -1.00000000e+00  -1.00000000e+00
  -1.00000000e+00  -1.00000000e+00  -1.00000000e+00  -1.00000000e+00
   3.27996083e-03   7.14771995e+00   3.32526937e-03   7.14771995e+00
   3.28637717e-03   7.14771995e+00]
[ -1.00000000e+00  -1.00000000e+00   1.47519845e-03   3.13348571e+00
  -1.00000000e+00  -1.00000000e+00  -1.00000000e+00  -1.00000000e+00
   1.48039075e-03   3.13348571e+00  -1.00000000e+00  -1.00000000e+00
  -1.00000000e+00  -1.00000000e+00  -1.00000000e+00  -1.00000000e+00
   1.48928053e-03   3.13348571e+00   1.49190854e-03   3.13348571e+00
  -1.00000000e+00  -1.00000000e+00  -1.00000000e+00  -1.00000000e+00
  -1.00000000e+00  -1.00000000e+00  -1.00000000e+00  -1.00000000e+00
  -1.00000000e+00  -1.00000000e+00]
[ -1.00000000e+00  -1.00000000e+00   1.63923088e-03   3.47508158e+00
  -1.00000000e+00  -1.00000000e+00   1.62250059e-03   3.47508158e+00
   1.64120570e-03   3.47508158e+00   1.60609965e-03   3.47508158e+00
  -1.00000000e+00  -1.00000000e+00  -1.00000000e+00  -1.00000000e+00
   1.65789570e-03   3.47508158e+00   1.65498495e-03   3.47508158e+00
  -1.00000000e+00  -1.00000000e+00  -1.00000000e+00  -1.00000000e+00
  -1.00000000e+00  -1.00000000e+00   1.61824823e-03   3.47508158e+00
   1.59827231e-03   3.47508158e+00]
[ -1.00000000e+00  -1.00000000e+00   2.21767060e-03   4.71654234e+00
  -1.00000000e+00  -1.00000000e+00   2.19940208e-03   4.71654234e+00
   2.21840068e-03   4.71654234e+00   2.17935583e-03   4.71654234e+00
  -1.00000000e+00  -1.00000000e+00  -1.00000000e+00  -1.00000000e+00
   2.24010966e-03   4.71654234e+00  -1.00000000e+00  -1.00000000e+00
  -1.00000000e+00  -1.00000000e+00  -1.00000000e+00  -1.00000000e+00
  -1.00000000e+00  -1.00000000e+00  -1.00000000e+00  -1.00000000e+00
  -1.00000000e+00  -1.00000000e+00]
[  1.43827826e-03   3.03759172e+00   1.42957865e-03   3.03759172e+00
   1.43487570e-03   3.03759172e+00  -1.00000000e+00  -1.00000000e+00
  -1.00000000e+00  -1.00000000e+00  -1.00000000e+00  -1.00000000e+00
   1.41614842e-03   3.03759172e+00   1.42890979e-03   3.03759172e+00
  -1.00000000e+00  -1.00000000e+00   1.44786670e-03   3.03759172e+00
   1.42988096e-03   3.03759172e+00  -1.00000000e+00  -1.00000000e+00
   1.39458735e-03   3.03759172e+00   1.41448124e-03   3.03759172e+00
   1.39719929e-03   3.03759172e+00]
[ -1.00000000e+00  -1.00000000e+00  -1.00000000e+00  -1.00000000e+00
  -1.00000000e+00  -1.00000000e+00  -1.00000000e+00  -1.00000000e+00
  -1.00000000e+00  -1.00000000e+00  -1.00000000e+00  -1.00000000e+00
   9.68435592e-04   2.07290638e+00   9.73747699e-04   2.07290638e+00
  -1.00000000e+00  -1.00000000e+00  -1.00000000e+00  -1.00000000e+00
   9.77368590e-04   2.07290638e+00   9.63548269e-04   2.07290638e+00
   9.52352412e-04   2.07290638e+00  -1.00000000e+00  -1.00000000e+00
  -1.00000000e+00  -1.00000000e+00]
[  2.47218806e-03   5.22056298e+00  -1.00000000e+00  -1.00000000e+00
   2.46620646e-03   5.22056298e+00  -1.00000000e+00  -1.00000000e+00
  -1.00000000e+00  -1.00000000e+00  -1.00000000e+00  -1.00000000e+00
   2.43495148e-03   5.22056298e+00   2.44898894e-03   5.22056298e+00
  -1.00000000e+00  -1.00000000e+00  -1.00000000e+00  -1.00000000e+00
   2.45490997e-03   5.22056298e+00   2.42408749e-03   5.22056298e+00
   2.39585170e-03   5.22056298e+00   2.43260668e-03   5.22056298e+00
  -1.00000000e+00  -1.00000000e+00]
[ -1.00000000e+00  -1.00000000e+00   1.57621561e-03   3.34719660e+00
  -1.00000000e+00  -1.00000000e+00   1.56147282e-03   3.34719660e+00
   1.58038014e-03   3.34719660e+00   1.54661209e-03   3.34719660e+00
  -1.00000000e+00  -1.00000000e+00  -1.00000000e+00  -1.00000000e+00
   1.59584338e-03   3.34719660e+00   1.59039954e-03   3.34719660e+00
  -1.00000000e+00  -1.00000000e+00  -1.00000000e+00  -1.00000000e+00
  -1.00000000e+00  -1.00000000e+00   1.55841852e-03   3.34719660e+00
   1.53951039e-03   3.34719660e+00]
[  3.54646175e-03   7.48407467e+00  -1.00000000e+00  -1.00000000e+00
   3.54721945e-03   7.48407467e+00  -1.00000000e+00  -1.00000000e+00
  -1.00000000e+00  -1.00000000e+00  -1.00000000e+00  -1.00000000e+00
   3.49049805e-03   7.48407467e+00   3.51473516e-03   7.48407467e+00
  -1.00000000e+00  -1.00000000e+00   3.56391337e-03   7.48407467e+00
   3.52442658e-03   7.48407467e+00  -1.00000000e+00  -1.00000000e+00
  -1.00000000e+00  -1.00000000e+00   3.48652416e-03   7.48407467e+00
  -1.00000000e+00  -1.00000000e+00]
[  1.92269468e-03   4.05557179e+00   1.90923001e-03   4.05557179e+00
   1.92397202e-03   4.05557179e+00  -1.00000000e+00  -1.00000000e+00
  -1.00000000e+00  -1.00000000e+00  -1.00000000e+00  -1.00000000e+00
   1.88894246e-03   4.05557179e+00   1.90765562e-03   4.05557179e+00
  -1.00000000e+00  -1.00000000e+00   1.92789109e-03   4.05557179e+00
   1.91399421e-03   4.05557179e+00  -1.00000000e+00  -1.00000000e+00
   1.86145737e-03   4.05557179e+00   1.88841528e-03   4.05557179e+00
   1.86536361e-03   4.05557179e+00]
[  1.86087884e-03   3.92379869e+00   1.84915042e-03   3.92379869e+00
   1.85686968e-03   3.92379869e+00  -1.00000000e+00  -1.00000000e+00
  -1.00000000e+00  -1.00000000e+00  -1.00000000e+00  -1.00000000e+00
   1.83037919e-03   3.92379869e+00   1.84293499e-03   3.92379869e+00
   1.86367928e-03   3.92379869e+00   1.86697995e-03   3.92379869e+00
  -1.00000000e+00  -1.00000000e+00  -1.00000000e+00  -1.00000000e+00
  -1.00000000e+00  -1.00000000e+00   1.82841756e-03   3.92379869e+00
  -1.00000000e+00  -1.00000000e+00]
[  5.71000628e-04   1.20098508e+00   5.67281910e-04   1.20098508e+00
   5.70894575e-04   1.20098508e+00  -1.00000000e+00  -1.00000000e+00
  -1.00000000e+00  -1.00000000e+00  -1.00000000e+00  -1.00000000e+00
  -1.00000000e+00  -1.00000000e+00  -1.00000000e+00  -1.00000000e+00
   5.72414063e-04   1.20098508e+00   5.73294565e-04   1.20098508e+00
  -1.00000000e+00  -1.00000000e+00  -1.00000000e+00  -1.00000000e+00
  -1.00000000e+00  -1.00000000e+00  -1.00000000e+00  -1.00000000e+00
  -1.00000000e+00  -1.00000000e+00]
[  1.86351779e-03   3.93110302e+00   1.85143629e-03   3.93110302e+00
   1.86443470e-03   3.93110302e+00  -1.00000000e+00  -1.00000000e+00
  -1.00000000e+00  -1.00000000e+00  -1.00000000e+00  -1.00000000e+00
   1.83370475e-03   3.93110302e+00   1.84590108e-03   3.93110302e+00
   1.86675242e-03   3.93110302e+00   1.86975126e-03   3.93110302e+00
   1.85304425e-03   3.93110302e+00  -1.00000000e+00  -1.00000000e+00
  -1.00000000e+00  -1.00000000e+00   1.83181878e-03   3.93110302e+00
  -1.00000000e+00  -1.00000000e+00]
[  2.85896103e-03   6.03705534e+00  -1.00000000e+00  -1.00000000e+00
   2.85855712e-03   6.03705534e+00  -1.00000000e+00  -1.00000000e+00
  -1.00000000e+00  -1.00000000e+00  -1.00000000e+00  -1.00000000e+00
  -1.00000000e+00  -1.00000000e+00  -1.00000000e+00  -1.00000000e+00
  -1.00000000e+00  -1.00000000e+00  -1.00000000e+00  -1.00000000e+00
   2.84384586e-03   6.03705534e+00  -1.00000000e+00  -1.00000000e+00
  -1.00000000e+00  -1.00000000e+00  -1.00000000e+00  -1.00000000e+00
  -1.00000000e+00  -1.00000000e+00]
