-2657645.21797652 -4482808.03159621 3665077.93508315
-2657375.51612508 -4482911.46652405 3665174.20449309
-2657645.21797652 -4482808.03159621 3665077.93508315
-2657222.94006044 -4482912.70962322 3665306.79824549
-2657230.18655312 -4483052.76228256 3665126.23447323
-2657244.20203383 -4482770.20774234 3665445.56922957
-2657617.57348615 -4482636.55644744 3665307.89553931
-2657654.79688885 -4482699.34162292 3665201.35169372
-2657418.94596796 -4483001.5698973 3665035.18510748
-2657588.33855682 -4482929.5805372 3665007.56947322
-2657751.86063657 -4482682.23038362 3665159.14960047
-2657729.45110665 -4482511.67713781 3665373.82713492
-2657503.14566797 -4482505.46970685 3665544.35023888
-2657434.86212468 -4482746.49198603 3665323.23612249
-2657330.13611558 -4482646.63237958 3665516.49978504
